0 20 307 154 3 210 241 150 249 218 271 113 77 274 85 108 185 94 74 188 12 77 35 36 101 41 80 280 133 125 174 264 112 27 18 73 19 220 21 288 190 134 117
1 20 262 216 270 224 152 63 297 40 127 126 126 162 278 218 293 18 198 125 194 71 140 5 149 158 77 167 129 150 207 70 35 23 285 4 246 189 119 295 280 297 120
2 20 301 105 158 149 22 202 166 271 26 111 41 165 115 189 74 243 108 254 92 14 24 178 36 60 234 33 248 52 27 227 48 198 83 257 46 158 263 75 235 73 168
3 20 335 151 239 108 277 182 267 230 25 280 253 203 67 13 136 152 12 239 230 38 128 21 294 225 177 188 4 137 12 171 39 251 278 15 184 297 245 208 28 249 162
4 20 313 95 261 297 298 273 287 227 263 24 106 283 17 31 160 271 270 215 159 33 85 198 35 114 212 218 110 156 126 138 105 39 284 117 36 281 141 22 259 103 98
5 20 340 65 138 114 95 49 85 116 263 295 148 99 192 183 264 104 100 74 11 277 263 167 16 298 36 103 278 228 176 236 83 273 300 272 139 146 20 275 13 34 269
6 20 368 161 184 213 95 147 68 194 220 130 223 234 297 290 231 84 144 260 63 71 196 145 96 247 116 187 260 157 272 280 69 155 192 163 2 259 109 273 89 31 207
7 20 268 137 72 272 267 149 34 37 44 231 132 42 46 117 238 285 128 147 256 108 215 163 51 130 164 10 238 136 150 20 94 38 91 283 9 57 131 94 145 226 24
8 20 360 29 19 122 145 257 158 25 155 113 184 69 27 234 198 190 295 187 78 196 206 171 233 296 153 293 104 283 87 249 208 162 277 279 35 173 235 192 249 89 57
9 20 289 132 209 83 66 159 273 112 45 102 8 3 272 292 298 177 285 154 211 123 154 171 36 130 149 71 54 135 262 275 18 186 183 101 3 93 125 115 190 278 174
10 20 330 192 249 217 241 177 253 146 88 75 299 10 163 180 158 233 234 292 246 288 266 16 225 200 116 228 45 94 286 269 19 229 269 235 169 198 188 15 285 14 65
11 20 345 46 176 245 203 160 230 246 158 269 263 173 193 214 40 172 10 31 17 295 51 35 223 71 22 144 268 209 210 252 274 274 49 202 218 3 61 147 248 270 115
12 20 289 262 142 60 228 181 231 237 211 248 284 13 34 258 84 55 101 51 15 10 55 289 36 103 190 253 106 2 152 105 272 18 67 113 77 294 294 282 256 59 265
13 20 318 21 92 223 104 199 75 206 213 85 260 201 172 115 142 176 220 144 27 76 167 97 142 31 173 187 76 284 221 32 42 185 104 186 159 207 84 234 112 296 70
14 20 287 124 249 241 238 90 116 209 285 195 284 151 291 178 182 215 64 9 199 284 40 292 221 229 79 101 12 12 265 60 81 140 8 73 129 149 189 37 134 83 20
15 20 295 36 125 249 269 39 65 278 289 48 69 33 20 264 261 99 116 25 162 132 136 295 271 195 67 43 7 187 228 141 259 265 207 232 56 271 261 96 71 30 128
16 20 294 90 293 141 240 160 165 154 292 300 148 14 194 214 165 288 273 51 216 113 61 179 130 268 162 185 238 123 280 8 204 108 150 196 300 89 107 164 294 98 215
17 20 279 141 164 160 107 80 199 79 130 114 191 191 44 20 210 206 256 147 80 236 207 283 95 108 230 94 196 36 9 190 186 275 82 101 186 188 180 84 18 61 198
18 20 268 209 3 241 280 212 198 288 111 29 223 17 11 69 124 292 162 71 28 170 12 265 196 146 65 81 33 244 164 51 56 113 11 59 106 42 270 3 29 80 84
19 20 260 3 148 94 71 23 86 232 94 165 153 157 181 100 2 245 180 87 240 44 189 295 156 199 53 261 292 75 16 73 154 99 75 54 244 146 76 81 129 169 297
